
INSTANCE 0:

[0, 0, 0, 0, 0, 0, 0, 0, 0, 0, 0, 0, 0, 0, 0, 0]
[0, 0, 0, 1, 1, 1, 1, 1, 0, 0, 0, 1, 1, 0, 0, 0]
[0, 0, 0, 0, 0, 0, 1, 1, 0, 0, 0, 1, 1, 0, 0, 0]
[0, 0, 0, 0, 0, 0, 1, 1, 0, 0, 0, 1, 1, 0, 0, 0]
[0, 0, 0, 0, 0, 0, 1, 1, 0, 0, 0, 1, 1, 0, 0, 0]
[0, 0, 0, 0, 0, 0, 1, 1, 0, 0, 0, 1, 1, 0, 0, 0]
[0, 0, 0, 0, 0, 0, 1, 1, 0, 0, 0, 1, 1, 0, 0, 0]
[0, 0, 0, 0, 1, 1, 1, 1, 0, 0, 0, 1, 1, 0, 0, 0]
[0, 1, 0, 1, 1, 1, 1, 1, 0, 1, 0, 1, 1, 0, 0, 0]
[0, 1, 0, 1, 1, 1, 1, 1, 0, 1, 1, 1, 1, 0, 0, 0]
[0, 1, 0, 1, 1, 1, 1, 1, 0, 1, 1, 1, 1, 0, 0, 0]
[0, 1, 0, 1, 1, 1, 1, 1, 0, 1, 0, 1, 1, 0, 0, 0]
[0, 1, 0, 1, 1, 1, 1, 1, 0, 1, 1, 1, 1, 0, 0, 0]
[0, 1, 0, 1, 1, 1, 1, 1, 0, 1, 1, 1, 1, 0, 0, 0]
[0, 1, 0, 1, 1, 1, 1, 1, 0, 1, 0, 1, 1, 0, 0, 0]
[0, 1, 0, 1, 1, 1, 1, 1, 0, 1, 0, 1, 1, 0, 0, 0]
[0, 1, 0, 1, 1, 1, 1, 1, 0, 1, 1, 1, 1, 0, 0, 0]
[0, 1, 0, 1, 1, 1, 1, 1, 0, 1, 1, 1, 1, 0, 0, 0]
[0, 1, 0, 1, 1, 1, 1, 1, 0, 1, 1, 1, 1, 0, 0, 0]
[0, 1, 0, 1, 1, 1, 1, 1, 0, 1, 0, 1, 1, 0, 0, 0]
[0, 1, 0, 1, 1, 1, 1, 1, 0, 1, 0, 1, 1, 0, 0, 0]
[0, 1, 0, 1, 1, 1, 1, 1, 0, 1, 0, 1, 1, 0, 0, 0]
[0, 0, 0, 1, 1, 1, 1, 1, 0, 0, 0, 1, 1, 0, 0, 0]
[0, 0, 0, 0, 1, 1, 1, 1, 0, 0, 0, 1, 1, 0, 0, 0]
[0, 0, 0, 0, 0, 0, 1, 1, 0, 0, 0, 1, 1, 0, 0, 0]
Total on generators:  183
total cost of running:  482581.41344


INSTANCE 1:

[0, 0, 0]
[1, 1, 1]
[1, 1, 1]
[1, 1, 1]
[1, 1, 0]
[1, 1, 0]
[1, 1, 0]
[1, 1, 0]
[1, 1, 0]
Total on generators:  19
total cost of running:  83360.0

INSTANCE 2:

[0, 0, 0, 0]
[0, 1, 1, 0]
[0, 1, 1, 0]
[1, 1, 1, 1]
[0, 1, 1, 1]
[0, 1, 1, 1]
[0, 0, 1, 0]
[0, 0, 1, 0]
[0, 1, 1, 0]
Total on generators:  18
total cost of running:  95022.0


INSTANCE 3:

[0, 0, 0, 0, 0]
[1, 1, 1, 1, 1]
[1, 1, 1, 1, 1]
[1, 1, 1, 1, 1]
[0, 1, 1, 1, 0]
[1, 1, 0, 1, 1]
[1, 1, 0, 1, 1]
[0, 1, 0, 1, 0]
[1, 1, 1, 1, 1]
[1, 1, 1, 1, 1]
[1, 1, 1, 1, 1]
[1, 1, 1, 1, 1]
[1, 1, 1, 1, 1]
Total on generators:  53
total cost of running:  530800.0

INSTANCE 4:
[0, 0, 0, 0, 0, 0]
[1, 1, 1, 1, 1, 1]
[1, 1, 1, 1, 1, 1]
[0, 1, 1, 1, 1, 0]
[1, 1, 1, 1, 1, 0]
[1, 1, 0, 1, 1, 0]
[0, 1, 0, 1, 0, 0]
[1, 1, 0, 1, 1, 0]
[1, 1, 0, 1, 1, 0]
[1, 1, 1, 1, 1, 1]
[1, 1, 1, 1, 1, 0]
[1, 1, 1, 1, 1, 1]
Total on generators:  52
total cost of running:  430800.0

INSTANCE 5:
[0, 0, 0, 0, 0, 0, 0]
[0, 0, 0, 0, 1, 1, 1]
[0, 0, 0, 0, 1, 1, 1]
[0, 0, 0, 0, 1, 1, 1]
[0, 0, 0, 0, 1, 0, 1]
[0, 0, 0, 0, 1, 0, 1]
[0, 0, 0, 0, 1, 1, 1]
[0, 0, 0, 0, 1, 1, 1]
[0, 0, 0, 1, 1, 1, 1]
[0, 1, 0, 1, 1, 1, 1]
[0, 1, 0, 1, 1, 1, 1]
[0, 1, 0, 1, 1, 1, 1]
[0, 0, 0, 1, 1, 1, 1]
[0, 0, 0, 1, 1, 1, 1]
[0, 0, 0, 1, 1, 1, 1]
[0, 0, 0, 1, 1, 1, 1]
[0, 0, 0, 1, 1, 1, 1]
[0, 1, 0, 1, 1, 1, 1]
[0, 1, 0, 1, 1, 1, 1]
[0, 1, 0, 1, 1, 1, 1]
[0, 1, 0, 1, 1, 1, 1]
[0, 0, 0, 1, 1, 1, 1]
[0, 0, 0, 1, 1, 1, 1]
[0, 0, 0, 1, 1, 1, 1]
[0, 0, 0, 0, 1, 1, 1]
Total on generators:  93
total cost of running:  193070.3185


INSTANCE 6:
[0, 0, 0, 0, 0, 0, 0, 0, 0]
[0, 0, 0, 0, 1, 0, 1, 1, 0]
[0, 0, 0, 0, 1, 0, 1, 1, 0]
[0, 0, 0, 0, 1, 0, 1, 1, 0]
[0, 0, 0, 0, 1, 0, 1, 1, 0]
[0, 0, 0, 0, 1, 0, 1, 1, 0]
[0, 0, 0, 0, 1, 0, 1, 1, 0]
[0, 0, 0, 0, 1, 1, 1, 1, 0]
[0, 0, 0, 1, 1, 1, 1, 1, 0]
[0, 0, 0, 1, 1, 1, 1, 1, 0]
[0, 0, 0, 1, 1, 1, 1, 1, 0]
[0, 0, 0, 1, 1, 1, 1, 1, 0]
[0, 0, 0, 1, 1, 1, 1, 1, 0]
[0, 0, 0, 1, 1, 1, 1, 1, 0]
[0, 0, 0, 1, 1, 1, 1, 1, 0]
[0, 0, 0, 1, 1, 1, 1, 1, 0]
[0, 0, 0, 1, 1, 1, 1, 1, 0]
[0, 1, 0, 1, 1, 1, 1, 1, 0]
[0, 1, 0, 1, 1, 1, 1, 1, 0]
[0, 1, 0, 1, 1, 1, 1, 1, 0]
[0, 1, 0, 1, 1, 1, 1, 1, 0]
[0, 0, 0, 1, 1, 1, 1, 1, 0]
[0, 0, 0, 1, 1, 1, 1, 1, 0]
[0, 0, 0, 0, 1, 1, 1, 1, 0]
[0, 0, 0, 0, 1, 0, 1, 1, 0]
Total on generators:  108
total cost of running:  261218.929


INSTANCE 7:
[0, 0, 0, 0, 0, 0, 0, 0, 0, 0, 0]
[0, 1, 0, 1, 1, 1, 1, 1, 0, 0, 0]
[0, 1, 0, 1, 1, 1, 1, 1, 0, 0, 0]
[0, 0, 0, 1, 1, 1, 1, 1, 0, 0, 0]
[0, 0, 0, 0, 1, 1, 1, 1, 0, 0, 0]
[0, 0, 0, 0, 1, 1, 1, 1, 0, 0, 0]
[0, 0, 0, 1, 1, 1, 1, 1, 0, 0, 0]
[0, 1, 0, 1, 1, 1, 1, 1, 0, 0, 0]
[0, 1, 0, 1, 1, 1, 1, 1, 0, 1, 1]
[0, 1, 0, 1, 1, 1, 1, 1, 0, 1, 1]
[0, 1, 0, 1, 1, 1, 1, 1, 0, 1, 1]
[0, 1, 0, 1, 1, 1, 1, 1, 0, 1, 0]
[0, 1, 0, 1, 1, 1, 1, 1, 0, 1, 1]
[0, 1, 0, 1, 1, 1, 1, 1, 0, 1, 1]
[0, 1, 0, 1, 1, 1, 1, 1, 0, 1, 1]
[0, 1, 0, 1, 1, 1, 1, 1, 0, 1, 0]
[0, 1, 0, 1, 1, 1, 1, 1, 0, 1, 1]
[0, 1, 0, 1, 1, 1, 1, 1, 0, 1, 1]
[0, 1, 0, 1, 1, 1, 1, 1, 0, 1, 1]
[0, 1, 0, 1, 1, 1, 1, 1, 0, 1, 0]
[0, 1, 0, 1, 1, 1, 1, 1, 0, 1, 0]
[0, 1, 0, 1, 1, 1, 1, 1, 0, 1, 0]
[0, 1, 0, 1, 1, 1, 1, 1, 0, 1, 0]
[0, 1, 0, 1, 1, 1, 1, 1, 0, 0, 0]
[0, 0, 0, 1, 1, 1, 1, 1, 0, 0, 0]
Total on generators:  161
total cost of running:  402594.025

INSTANCE 8:
[0, 0, 0, 0, 0, 0, 0, 0, 0, 0, 0, 0, 0]
[0, 0, 0, 0, 1, 0, 1, 1, 0, 0, 0, 1, 1]
[0, 0, 0, 0, 0, 0, 1, 1, 0, 0, 0, 1, 1]
[0, 0, 0, 0, 0, 0, 1, 0, 0, 0, 0, 1, 1]
[0, 0, 0, 0, 0, 0, 1, 0, 0, 0, 0, 1, 1]
[0, 0, 0, 0, 0, 0, 1, 0, 0, 0, 0, 1, 1]
[0, 0, 0, 0, 0, 0, 1, 0, 0, 0, 0, 1, 1]
[0, 0, 0, 0, 0, 0, 1, 1, 0, 0, 0, 1, 1]
[0, 0, 0, 0, 1, 0, 1, 1, 0, 0, 0, 1, 1]
[0, 0, 0, 1, 1, 1, 1, 1, 0, 0, 0, 1, 1]
[0, 0, 0, 1, 1, 1, 1, 1, 0, 0, 0, 1, 1]
[0, 0, 0, 1, 1, 1, 1, 1, 0, 0, 0, 1, 1]
[0, 0, 0, 1, 1, 1, 1, 1, 0, 0, 0, 1, 1]
[0, 0, 0, 1, 1, 1, 1, 1, 0, 0, 0, 1, 1]
[0, 0, 0, 1, 1, 1, 1, 1, 0, 0, 0, 1, 1]
[0, 0, 0, 1, 1, 1, 1, 1, 0, 0, 0, 1, 1]
[0, 0, 0, 1, 1, 1, 1, 1, 0, 0, 0, 1, 1]
[0, 1, 0, 1, 1, 1, 1, 1, 0, 0, 0, 1, 1]
[0, 1, 0, 1, 1, 1, 1, 1, 0, 0, 0, 1, 1]
[0, 1, 0, 1, 1, 1, 1, 1, 0, 0, 0, 1, 1]
[0, 1, 0, 1, 1, 1, 1, 1, 0, 0, 0, 1, 1]
[0, 0, 0, 1, 1, 1, 1, 1, 0, 0, 0, 1, 1]
[0, 0, 0, 0, 1, 0, 1, 1, 0, 0, 0, 1, 1]
[0, 0, 0, 0, 0, 0, 1, 1, 0, 0, 0, 1, 1]
[0, 0, 0, 0, 0, 0, 1, 1, 0, 0, 0, 1, 1]
Total on generators:  138
total cost of running:  348669.59594


INSTANCE 9:
[0, 0, 0, 0, 0, 0, 0, 0, 0, 0, 0, 0, 0, 0, 0]
[0, 1, 0, 1, 1, 1, 1, 1, 0, 1, 0, 1, 1, 0, 0]
[0, 1, 0, 1, 0, 0, 1, 1, 0, 1, 0, 1, 1, 0, 0]
[0, 0, 0, 0, 0, 0, 1, 1, 0, 0, 0, 1, 1, 0, 0]
[0, 0, 0, 0, 0, 0, 1, 1, 0, 0, 0, 1, 1, 0, 0]
[0, 0, 0, 0, 0, 0, 1, 1, 0, 0, 0, 1, 1, 0, 0]
[0, 0, 0, 0, 0, 0, 1, 1, 0, 0, 0, 1, 1, 0, 0]
[0, 1, 0, 1, 1, 1, 1, 1, 0, 0, 0, 1, 1, 0, 0]
[0, 1, 0, 1, 1, 1, 1, 1, 0, 1, 1, 1, 1, 1, 0]
[0, 1, 0, 1, 1, 1, 1, 1, 0, 1, 1, 1, 1, 1, 0]
[0, 1, 0, 1, 1, 1, 1, 1, 0, 1, 1, 1, 1, 0, 0]
[0, 1, 0, 1, 1, 1, 1, 1, 0, 1, 1, 1, 1, 0, 0]
[0, 1, 0, 1, 1, 1, 1, 1, 0, 1, 1, 1, 1, 1, 0]
[0, 1, 0, 1, 1, 1, 1, 1, 0, 1, 1, 1, 1, 1, 0]
[0, 1, 0, 1, 1, 1, 1, 1, 0, 1, 0, 1, 1, 0, 0]
[0, 1, 0, 1, 1, 1, 1, 1, 0, 1, 1, 1, 1, 1, 0]
[0, 1, 0, 1, 1, 1, 1, 1, 0, 1, 1, 1, 1, 1, 0]
[0, 1, 0, 1, 1, 1, 1, 1, 0, 1, 1, 1, 1, 0, 0]
[0, 1, 0, 1, 1, 1, 1, 1, 0, 1, 1, 1, 1, 1, 1]
[0, 1, 0, 1, 1, 1, 1, 1, 0, 1, 1, 1, 1, 1, 1]
[0, 1, 0, 1, 1, 1, 1, 1, 0, 1, 0, 1, 1, 0, 0]
[0, 1, 0, 1, 1, 1, 1, 1, 0, 1, 1, 1, 1, 1, 0]
[0, 1, 0, 1, 1, 1, 1, 1, 0, 1, 1, 1, 1, 1, 0]
[0, 0, 0, 0, 0, 0, 1, 1, 0, 0, 0, 1, 1, 0, 0]
[0, 0, 0, 0, 1, 0, 1, 1, 0, 0, 0, 1, 1, 0, 0]
Total on generators:  209
total cost of running:  571914.85244

INSTANCE 10:
[0, 0, 0, 0, 0, 0, 0, 0, 0, 0, 0, 0, 0, 0, 0, 0, 0]
[0, 1, 0, 1, 1, 1, 1, 1, 0, 1, 1, 1, 1, 1, 0, 1, 1]
[0, 1, 0, 1, 0, 0, 1, 1, 0, 1, 1, 1, 1, 1, 0, 1, 1]
[0, 0, 0, 0, 0, 0, 1, 0, 0, 0, 0, 1, 1, 0, 0, 1, 1]
[0, 0, 0, 0, 0, 0, 1, 0, 0, 0, 0, 1, 1, 0, 0, 1, 1]
[0, 0, 0, 0, 0, 0, 1, 0, 0, 0, 0, 1, 1, 0, 0, 1, 1]
[0, 0, 0, 0, 0, 0, 1, 0, 0, 0, 0, 1, 1, 0, 0, 1, 1]
[0, 0, 0, 1, 1, 1, 1, 1, 0, 0, 0, 1, 1, 0, 0, 1, 1]
[0, 1, 0, 1, 1, 1, 1, 1, 0, 1, 1, 1, 1, 1, 0, 1, 1]
[0, 1, 0, 1, 1, 1, 1, 1, 0, 1, 1, 1, 1, 1, 0, 1, 1]
[0, 1, 0, 1, 1, 1, 1, 1, 0, 1, 1, 1, 1, 1, 0, 1, 1]
[0, 1, 0, 1, 1, 1, 1, 1, 0, 1, 1, 1, 1, 1, 0, 1, 1]
[0, 1, 0, 1, 1, 1, 1, 1, 0, 1, 1, 1, 1, 1, 0, 1, 1]
[0, 1, 0, 1, 1, 1, 1, 1, 0, 1, 1, 1, 1, 0, 0, 1, 1]
[0, 1, 0, 1, 1, 1, 1, 1, 0, 1, 1, 1, 1, 1, 0, 1, 1]
[0, 1, 0, 1, 1, 1, 1, 1, 0, 1, 1, 1, 1, 1, 0, 1, 1]
[0, 1, 0, 1, 1, 1, 1, 1, 0, 1, 1, 1, 1, 0, 0, 1, 1]
[0, 1, 0, 1, 1, 1, 1, 1, 0, 1, 1, 1, 1, 1, 1, 1, 1]
[0, 1, 0, 1, 1, 1, 1, 1, 0, 1, 1, 1, 1, 1, 1, 1, 1]
[0, 1, 0, 1, 1, 1, 1, 1, 0, 1, 1, 1, 1, 1, 0, 1, 1]
[0, 1, 0, 1, 1, 1, 1, 1, 0, 1, 1, 1, 1, 1, 0, 1, 1]
[0, 1, 0, 1, 1, 1, 1, 1, 0, 1, 1, 1, 1, 1, 0, 1, 1]
[0, 1, 0, 1, 1, 1, 1, 1, 0, 1, 0, 1, 1, 0, 0, 1, 1]
[0, 0, 0, 0, 1, 1, 1, 1, 0, 0, 0, 1, 1, 0, 0, 1, 1]
[0, 0, 0, 0, 0, 0, 1, 1, 0, 0, 0, 1, 1, 0, 0, 1, 1]
Total on generators:  260
total cost of running:  763979.46598